T	0.8733933712807946	0.873555625239663	0.872170191588398	0.8723231795956078	0.872493226843829
GT	0.7804693396576678	0.789667610093817	0.7784028420692087	0.7873259020612254	0.7863255413123365
AC	0.7833614444572784	0.7854348684249107	0.7767298313012097	0.781729188176962	0.7828730807576516
AT	0.750029376868417	0.7501304088739648	0.7531589967052826	0.7522734195357624	0.7576554271087576
CT	0.750029376868417	0.7155705742994592	0.7117988959596898	0.7213857520344051	0.7277400766044523
GTTTTT	0.7425184396820587	0.75225613717718	0.7528399010968084	0.731913747387296	0.7599337207016026
A	0.728530025045057	0.7276729851455374	0.7314441283758955	0.7276546674381162	0.7310245430719645
ATTT	0.7136221802726679	0.7216564677400894	0.7173001678212289	0.7201469333393091	0.7256392077524495
CTTTT	0.7271289775471299	0.7216564677400894	0.7370570825382347	0.7462788989600964	0.7253774349342424
CTTTTT	0.7479355016680597	0.7666712193611472	0.7682875405812453	0.7585464527958274	0.752048443344572
AG	0.7214464307202527	0.7308133014632758	0.7232775215073641	0.7278437010781754	0.7235129101649902
ATTTTT	0.6977907250527281	0.6806406474360829	0.6910453645386722	0.6851672136862701	0.6698056073391656
ATT	0.6753632227092469	0.6892082552917529	0.6920784473750377	0.69178170547082	0.6977254991430127
GTTTT	0.7433045265423565	0.7350009907936769	0.7604226473109512	0.7353729212846427	0.7434534880642706
AGG	0.6620327211118096	0.6620327211118096	0.6761053987345028	0.6395024696171138	0.5765648547928918
GTTT	0.736825268618723	0.7319828127534245	0.7415759477585141	0.7370248561918499	0.7416951950467673
ATTTT	0.7047872523778519	0.7019130726856233	0.6976833783635524	0.7001627626860382	0.718498603064004
AAAT	0.6460872818816976	0.6457974438676596	0.6380537248762846	0.6391773851296277	0.6283542332222589
CTTT	0.6167641542712812	0.5903157361668419	0.619480910235688	0.6336600476025859	0.6021701485727733
GTT	0.6788898601325067	0.6804794991587668	0.6658339227967717	0.6816280146913688	0.6854606615914577
AAAG	0.5903744391037216	0.6205654569996856	0.6253288799467658	0.6010435706041287	0.6042429263503774
AAT	0.6103126057652233	0.6438208887350978	0.6141451264232344	0.6248509257942865	0.6214575911518343
AGGG	0.6382603540009784	0.6332126974748586	0.6353184796190753	0.6356422995178438	0.6231710707435566
AAAC	0.5991799057411805	0.6007820349360494	0.6121783184048746	0.6148847877841543	0.6156456250268191
CCCT	0.609081672056125	0.6247538465365364	0.6270235510868069	0.6302086720781905	0.6411196833394629
AAAAAC	0.5363062393680946	0.5379638935421935	0.5871722812994788	0.5209455830683497	0.5638753304494158
AAAAC	0.5955431886774095	0.6069544618005595	0.5732386859311148	0.5873690511087564	0.5885345801143996
AAAAG	0.5752306480419589	0.5928289879858364	0.6254660700878784	0.5957227484411428	0.5785518958452763
AAAAT	0.5601995097822945	0.5593948741062549	0.5587577230229526	0.5449616776323545	0.5729966525922474
AAC	0.5466471092499537	0.5688608909147639	0.5727563043761799	0.5654107033247737	0.563722067530631
CCTT	0.5645757100955343	0.5835279804757776	0.5435897091063312	0.5862569569765662	0.5878502931640703
C	0.6774812033119109	0.6645238313135173	0.6808469329252201	0.6708034383338103	0.6741627332392396
AAAAAT	0.5512642742210381	0.5615318730407423	0.5266387486683266	0.5543000467363399	0.5830219346844693
G	0.540090107492184	0.5314778889478676	0.5040087447288525	0.5355213620173881	0.5220554403037554
AAGG	0.46361576565043916	0.5004064189434191	0.5366221690463798	0.5177951824897451	0.5085458922985865
AAAAAG	0.5276629747514845	0.5123297863370663	0.5117460361484305	0.5485927753319442	0.518294962381717
CCT	0.6186894249306225	0.6131298186910636	0.6197804735536503	0.573825065316198	0.6243895332329311
ATTC	0.5451332414864256	0.5945935535471436	0.5941434925216581	0.5564986324241785	0.5896972657016077
AATG	0.526744918883113	0.5297933944588581	0.5434071062521442	0.4667254979539254	0.525903942170491
CATT	0.5392665379666309	0.5503369784990851	0.5354938978864802	0.5302880325791286	0.47825805429812546
GAAT	0.4399868591144311	0.40667941072750013	0.3719090317134859	0.41914335766829147	0.434103122961023
ATGT	0.6741113921428324	0.6239425792150238	0.6489743418811774	0.61889002405743	0.6227605616921699
AATT	0.5583740656745037	0.5267219696731785	0.5455324918651937	0.535320571765622	0.542775072119006
ATCT	0.6542603227447522	0.6604097857336791	0.7014249713579417	0.7062855467062774	0.655683752114944
AGAT	0.609310459736738	0.6605333189757971	0.6553421591409275	0.6178993660035934	0.6864053976240329
